Genepop format conversion of arlequin file fsc_msat_u0p1_r0p5_Ne100_1_1.arp
locus_1
locus_2
locus_3
locus_4
locus_5
locus_6
locus_7
locus_8
locus_9
locus_10
locus_11
locus_12
POP
individual_1, 500501 500501 502500 500501 500501 500500 499499 500500 499499 501501 497497 500500 
individual_2, 501500 501500 500499 501498 501501 500499 499499 500500 500499 501502 501497 500500 
individual_3, 500500 500500 502502 500498 501502 501500 499500 500500 499499 501501 497497 500500 
individual_4, 501501 501501 500501 496496 501501 501500 499499 500500 500499 501501 497497 500500 
individual_5, 500501 500501 501502 498500 502503 499500 499499 500500 497499 500501 501497 500500 
individual_6, 501500 501500 502501 499500 501501 501501 499500 500500 497498 501501 501497 500500 
individual_7, 500499 500501 502499 499500 501502 500500 501500 500500 499497 501501 497497 499500 
individual_8, 501501 500501 500499 500498 501501 503501 500499 500500 499499 501501 497501 500500 
individual_9, 500500 500500 500502 500500 501501 500501 499499 500500 499499 501501 497497 500500 
individual_10, 501501 501500 500501 501500 501501 500502 499499 500500 500499 501501 497497 500499 
individual_11, 500500 500501 501502 500500 502501 500501 500499 500500 501501 502501 500497 500500 
individual_12, 499500 501501 500501 500501 501502 503500 499499 500500 499498 501501 501497 499499 
individual_13, 500501 501501 502500 500500 501501 500500 501501 500500 499499 501501 497497 500500 
individual_14, 500500 500501 501502 499500 501501 502500 498499 500500 501499 501501 497497 500499 
individual_15, 500499 500501 500500 500501 501501 499499 499499 500500 499498 501501 501497 500500 
individual_16, 501500 500501 500502 499500 501501 500503 499498 500500 499499 501501 497497 499500 
individual_17, 500500 501499 501502 500500 501501 501503 499499 500500 501499 502501 497497 500499 
individual_18, 501499 501500 500502 500500 501501 500503 501499 500500 499499 501501 497497 500500 
individual_19, 501501 500499 501500 500498 501501 503500 499499 500500 501501 501501 497501 500499 
individual_20, 500500 500501 503499 498498 501501 500501 499499 500500 499501 501501 501501 498500 
individual_21, 501500 500499 503502 500500 501501 501499 501500 500500 499499 500501 501497 500500 
individual_22, 501501 501501 502501 499501 501501 499499 501499 500500 499498 501501 497501 500500 
individual_23, 500505 500501 501501 499499 501501 500500 501499 500500 500501 501501 497497 499500 
individual_24, 500501 501500 499502 500500 501501 500503 499499 501500 499499 499501 497497 500500 
individual_25, 500501 499500 500502 500500 501501 500503 499499 500500 500499 501501 497498 501500 
individual_26, 501501 501501 502502 496499 501501 499500 500498 500500 499499 501501 497497 500500 
individual_27, 501500 500501 503502 500499 501501 501500 501499 500500 499499 500501 501497 500500 
individual_28, 500505 500500 499501 500500 501501 500501 499499 501500 499501 499501 497501 500499 
individual_29, 500501 499500 500500 500500 501502 500500 499500 500500 500499 501500 497497 499500 
individual_30, 505501 501500 500501 499499 501501 503499 499500 500500 500499 501501 497501 500500 
individual_31, 500500 500501 502502 500500 501501 500500 499498 500500 501499 501501 497497 500500 
individual_32, 505500 500500 501500 500500 501501 500500 500499 500500 501499 501501 497498 498499 
individual_33, 501500 500500 500502 500499 500501 500501 499499 500500 498500 501500 501497 499498 
individual_34, 500500 500500 502500 499498 501501 500500 501500 500501 499501 501501 497497 499500 
individual_35, 500500 500500 500502 496501 501501 500499 501500 500500 501499 501501 497497 500500 
individual_36, 500500 501499 502501 499500 501501 500503 499500 500500 501499 501501 497498 500500 
individual_37, 505505 500500 500502 500499 501501 503500 499500 500500 499499 501501 501497 500500 
individual_38, 500501 500500 502500 500500 501501 501500 500501 500500 497500 501501 497497 500500 
individual_39, 500500 500499 502502 498500 501501 499500 501500 500500 498498 502502 497497 500498 
individual_40, 500501 501501 502500 499496 501501 499500 499501 500500 498501 501501 497497 500500 
individual_41, 500500 500500 500502 500500 501501 500500 500501 500500 501501 499501 497497 500500 
individual_42, 505500 500500 499502 500499 502501 500500 500500 500500 499499 500501 497497 500500 
individual_43, 500501 499501 502499 498500 501501 499500 500499 500501 499499 501499 501497 500500 
individual_44, 500500 500501 500501 500500 501501 501500 499500 500500 499499 501501 497500 500500 
individual_45, 500505 500501 499501 500499 501501 500500 499499 500500 501501 501501 501497 499500 
individual_46, 500501 500500 500502 500500 501501 503503 499499 500500 497499 501501 497497 500500 
individual_47, 500500 499500 501500 500500 501501 503503 500499 500500 499499 501501 498497 500500 
individual_48, 500501 500500 502501 500500 502501 499500 499499 500500 499499 501501 501497 500500 
individual_49, 501501 500500 500502 500498 500501 500499 500499 500500 500500 501501 497497 500500 
individual_50, 500501 501500 499502 500500 501501 500500 499500 501500 499499 499501 497497 500500 
individual_51, 501501 501499 501502 501500 501501 499500 499499 500500 498499 501501 501497 500500 
individual_52, 500500 500501 502499 498498 501502 499499 501499 500500 498498 501501 498497 498500 
individual_53, 501501 501500 500500 501500 501501 503500 499500 500500 498499 501501 497497 500499 
individual_54, 500501 499501 501502 499496 501501 499499 499500 500500 499499 501501 500497 500498 
individual_55, 499500 501500 501500 500500 501501 500500 500501 500500 501501 501502 497497 500500 
individual_56, 500502 501500 502501 496500 501501 499499 501501 500500 498499 501501 497497 500500 
individual_57, 500500 501501 502500 500496 501501 500503 498499 500500 499501 501501 497497 499500 
individual_58, 500501 500501 500501 500499 501501 503503 499499 500500 497499 501501 501497 500500 
individual_59, 501500 501500 502500 500500 501501 503500 501500 500500 501501 501499 497497 499500 
individual_60, 500501 499500 502502 500501 501501 503500 499499 500500 499499 501501 497501 500500 
individual_61, 501500 500501 499499 496500 501501 503500 500499 500501 500499 501499 498497 500500 
individual_62, 500500 501501 499503 498500 501501 499501 501499 500500 499501 501501 501497 500499 
individual_63, 502500 500500 502500 500500 501500 503500 499500 500500 499500 501501 497497 500500 
individual_64, 500501 500500 500499 500496 501501 500500 499500 500500 499498 501501 498497 499500 
individual_65, 500500 500499 500500 500500 501501 500500 501499 500500 499500 501501 497497 500499 
individual_66, 500499 501501 500499 496498 501502 500499 499499 498500 499499 501501 497500 498500 
individual_67, 501501 501500 502499 496496 501501 499503 500500 500500 499500 501501 498498 500500 
individual_68, 500501 500500 500502 501496 501501 503500 500500 500500 498499 501501 497497 500500 
individual_69, 500505 501500 500501 496500 501501 500498 500499 500500 499499 501499 497497 499498 
individual_70, 499500 501501 500502 501500 501501 499501 499499 500500 498500 501501 497497 500500 
individual_71, 500500 500499 500500 500500 501501 500503 500500 500500 501497 501501 497501 500501 
individual_72, 500500 500500 499500 498500 501501 499500 499500 500500 499499 501501 500497 500500 
individual_73, 501500 501501 502501 499499 501501 501500 499499 500500 497499 501502 501497 500500 
individual_74, 500500 500501 503502 500500 501501 501501 501499 500500 497499 501501 496497 498499 
individual_75, 500500 500500 500502 499500 501501 500501 500499 500500 499498 501501 497501 498500 
individual_76, 501501 501499 502501 500499 503501 500501 499502 500500 499499 501501 497497 500500 
individual_77, 501505 501501 501500 500499 501501 500503 499499 500500 499500 500501 497497 500500 
individual_78, 500500 500500 501500 499500 501501 502501 498499 500500 501499 501501 497500 500500 
individual_79, 499500 501501 501503 500499 501501 500499 500500 500500 501499 501501 497498 499500 
individual_80, 500500 501501 502502 500499 501500 500500 499500 500500 499499 501501 497497 499500 
individual_81, 500500 500500 502502 500500 501501 500500 499499 500500 499501 501501 497497 500500 
individual_82, 500501 500500 500500 500500 501501 503500 499499 500500 499500 501501 497497 500498 
individual_83, 500500 500500 500502 496499 501501 500501 500499 500500 499499 501501 497497 499500 
individual_84, 500501 501501 499499 498498 501501 501499 499501 500500 499501 501501 501497 500499 
individual_85, 501500 500500 501501 500500 501501 501499 501499 500500 498499 501502 497497 500500 
individual_86, 500499 500500 501500 499499 501501 501499 502500 500500 499499 501501 501498 501500 
individual_87, 501500 501501 501500 500500 501501 502499 499500 500500 498500 501501 497500 500500 
individual_88, 501500 500500 502503 500500 501501 503500 499500 500500 499500 501501 497497 500500 
individual_89, 500501 500500 500500 499500 501500 503500 499500 500500 501499 501501 497501 499500 
individual_90, 501500 501500 500501 498498 501501 500500 501500 500500 499499 501501 497497 500500 
individual_91, 500500 500501 501499 499498 502502 500499 500499 500500 499498 501501 497497 500500 
individual_92, 501501 500499 502502 500498 501501 503499 499499 500500 499500 501501 497497 500500 
individual_93, 501501 501499 501502 501500 501501 500502 499500 500500 499500 499501 497497 498500 
individual_94, 501501 501501 500501 500500 501501 500501 501499 500500 499501 501501 497501 500499 
individual_95, 501501 500501 500501 499501 501501 500501 500499 500500 499499 501501 498497 500500 
individual_96, 500500 501500 502499 500500 501502 501500 499500 500500 499501 501501 497500 500498 
individual_97, 500501 500501 502500 499500 501501 500500 499501 501500 497499 501501 501497 500500 
individual_98, 500501 501501 501501 499499 501501 500501 500498 500500 501499 502501 497497 500500 
individual_99, 505501 500501 502500 499496 500501 500501 499499 498500 499500 501501 497497 498500 
individual_100, 501501 501501 500501 500500 501501 499503 499499 500500 499501 501501 497497 500500 
